=== Simple Scaler for size N = 1000000 k = 10000 ===

Filtered Top-10000 values 10000 (from smallest bins):
9900 -> [140321] 86.096268
9901 -> [506738] 86.400505
9902 -> [49357] 99.427208
9903 -> [519017] 88.705315
9904 -> [131380] 98.943192
9905 -> [525746] 91.176727
9906 -> [36960] 89.047440
9907 -> [520691] 87.863281
9908 -> [24780] 87.094391
9909 -> [562388] 95.879654
9910 -> [209314] 93.453362
9911 -> [542806] 92.784698
9912 -> [94403] 90.936073
9913 -> [506341] 98.351822
9914 -> [10858] 87.523491
9915 -> [579604] 97.250893
9916 -> [147852] 86.220261
9917 -> [513028] 92.879898
9918 -> [164126] 99.520874
9919 -> [548160] 94.010185
9920 -> [209887] 87.125076
9921 -> [509476] 97.348381
9922 -> [84029] 97.283600
9923 -> [559381] 88.730171
9924 -> [51893] 97.792435
9925 -> [509895] 97.528069
9926 -> [73480] 95.520897
9927 -> [573159] 92.909187
9928 -> [12687] 97.173431
9929 -> [588942] 91.237160
9930 -> [22580] 88.641327
9931 -> [527684] 94.357018
9932 -> [10398] 91.285240
9933 -> [566017] 89.976646
9934 -> [26935] 90.508781
9935 -> [509315] 89.110153
9936 -> [94669] 86.311089
9937 -> [568275] 86.940468
9938 -> [180355] 87.812637
9939 -> [571470] 86.906822
9940 -> [214144] 94.999367
9941 -> [575326] 95.978180
9942 -> [19587] 87.378128
9943 -> [534154] 86.569763
9944 -> [44113] 92.335236
9945 -> [509774] 95.181168
9946 -> [121372] 90.898354
9947 -> [579912] 91.207291
9948 -> [137653] 86.863792
9949 -> [575287] 86.548347
9950 -> [75513] 87.217186
9951 -> [577040] 98.034927
9952 -> [212433] 99.426392
9953 -> [396600] 90.828636
9954 -> [111650] 96.541855
9955 -> [425838] 94.918579
9956 -> [1328] 93.717682
9957 -> [392541] 88.576958
9958 -> [187650] 90.467621
9959 -> [429711] 98.549629
9960 -> [20153] 85.371246
9961 -> [415238] 99.467972
9962 -> [55558] 87.624695
9963 -> [373890] 95.664833
9964 -> [8243] 93.720734
9965 -> [394335] 97.291908
9966 -> [1083] 86.634842
9967 -> [385140] 97.653778
9968 -> [424401] 93.125519
9969 -> [185025] 88.965691
9970 -> [382746] 95.210892
9971 -> [139587] 92.440323
9972 -> [398330] 91.348610
9973 -> [144179] 89.042847
9974 -> [424940] 87.882668
9975 -> [199337] 86.755829
9976 -> [412526] 86.084419
9977 -> [185334] 91.993668
9978 -> [425702] 89.879524
9979 -> [45021] 88.522507
9980 -> [412530] 86.599678
9981 -> [45284] 88.733665
9982 -> [429503] 97.228493
9983 -> [75809] 95.691422
9984 -> [417485] 95.832184
9985 -> [88133] 91.602112
9986 -> [413659] 93.945419
9987 -> [139360] 86.150444
9988 -> [425676] 90.652817
9989 -> [30800] 90.324257
9990 -> [416541] 99.563080
9991 -> [213189] 95.561577
9992 -> [141736] 98.170883
9993 -> [199508] 98.759888
9994 -> [185056] 95.947487
9995 -> [88065] 91.213211
9996 -> [156352] 86.421089
9997 -> [213209] 85.917679
9998 -> [390509] 99.651054
9999 -> [242527] 99.641945
Iteration 4: GPU total time = 1.367808 ms